上下级	70.27027027027027	82.53968253968253	75.91240875912408
同僚	60.0	65.21739130434783	62.500000000000014
政治奥援	56.25	49.09090909090909	52.42718446601942
兄弟	71.42857142857143	62.5	66.66666666666666
到达	81.81818181818183	83.33333333333334	82.56880733944955
敌对攻伐	86.98630136986301	79.375	83.00653594771242
出生于某地	84.0	75.0	79.24528301886792
任职	98.4313725490196	96.16858237547893	97.28682170542635
别名	75.0	80.0	77.41935483870968
父母	77.27272727272727	80.95238095238095	79.06976744186046
驻守	74.07407407407408	71.42857142857143	72.72727272727273
管理	78.16091954022988	93.15068493150685	85.0
p	76.14103486024479
r	76.56304466301758
f	0.7635145663289555
acc	83.86277001270648

